""
""
""
""
""
""
""
0.23336756133512795
0.49488081760404856
0.6868883220872658
0.8062902124625998
0.8938416084514509
0.9377369334156244
0.9640194300072525
0.955472243145259
0.9778676893860162
0.9510603758756148
0.9819763128617347
0.9890057275715072
0.9888721624126239
0.9956676571570012
0.9977890433325176
0.9989530920099737
0.9999568000203369
0.9999994107608053
0.9999999980888952
0.9999999999975502
1.0
1.0
1.0
1.0
1.0
1.0
1.0
0.9911836957762474
0.995425957187382
0.9985369791906401
0.9998141631175433
0.9999937759531006
0.9999999325731834
