0.004999999999999999
0.005032368503668089
0.005064946551342116
0.005097735499547276
0.005130736713590486
0.005163951567617252
0.005197381444668903
0.005231027736740149
0.005264891844837054
0.005298975179035396
0.005333279158539335
0.005367805211740561
0.005402554776277725
0.00543752929909632
0.005472730236508949
0.00550815905425593
0.005543817227566346
0.0055797062412194865
0.0056158275896066425
0.005652182776793345
0.005688773316582015
0.005725600732574959
0.005762666558237827
0.005799972336963487
0.0058375196221362525
0.005875309977196579
0.0059133449757061895
0.005951626201413549
0.00599015524831986
0.006028933720745394
0.006067963233396312
0.006107245411431916
0.006146781890532288
0.006186574316966411
0.006226624347660739
0.006266933650268153
0.006307503903237424
0.006348336795883111
0.0063894340284558725
0.006430797312213285
0.006472428369491109
0.006514328933774967
0.006556500749772575
0.0065989455734863445
0.006641665172286522
0.0066846613249847975
0.00672793582190834
0.006771490464974356
0.006815327067765148
0.0068594474556035855
0.006903853465629134
0.006948546946874369
0.006993529760341928
0.007038803779082026
0.007084370888270463
0.007130232985287081
0.007176391979794794
0.007222849793819122
0.007269608361828174
0.007316669630813256
0.007364035560369893
0.0074117081227794415
0.007459689303091241
0.007507981099205226
0.007556585521955133
0.007605504595192261
0.007654740355869692
0.007704294854127133
0.007754170153376306
0.007804368330386817
0.007854891475372659
0.007905741692079268
0.007956921097871068
0.008008431823819696
0.008060276014792688
0.008112455829542807
0.008164973440797961
0.008217831035351626
0.008271030814153923
0.008324574992403288
0.008378465799638668
0.008432705479832374
0.00848729629148355
0.00854224050771216
0.00859754041635367
0.008653198320054328
0.008709216536367005
0.008765597397847715
0.00882234325215276
0.008879456462136443
0.008936939405949505
0.008994794477138099
0.009053024084743481
0.009111630653402347
0.009170616623447734
0.009229984451010668
0.009289736608122458
0.00934987558281758
0.009410403879237294
0.009471324017733953
0.009532638534975883
0.00959434998405307
0.009656460934583423
0.009718973972819778
0.009781891701757637
0.009845216741243477
0.009908951728083884
0.009973099316155365
0.010037662176514806
0.010102642997510715
0.010168044484895175
0.010233869361936496
0.01030012036953261
0.010366800266325207
0.010433911828814582
0.01050145785147528
0.010569441146872433
0.010637864545778869
0.010706730897293001
0.010776043068957457
0.01084580394687846
0.010916016435846039
0.010986683459454962
0.01105780796022646
0.01112939289973078
0.01120144125871049
0.011273956037204578
0.0113469402546734
0.011420396950124393
0.011494329182238616
0.01156874002949812
0.011643632590314113
0.011719009983156002
0.011794875346681236
0.011871231839865973
0.011948082642136657
0.012025430953502385
0.012103279994688139
0.01218163300726893
0.012260493253804752
0.01233986401797642
0.012419748604722334
0.01250015034037607
0.01258107257280489
0.012662518671549161
0.012744492027962613
0.012826996055353618
0.012910034189127275
0.012993609886928456
0.013077726628785804
0.01316238791725663
0.013247597277572732
0.013333358257787224
0.013419674428922253
0.013506549385117674
0.013593986743780751
0.01368199014573676
0.013770563255380562
0.013859709760829246
0.013949433374075651
0.014039737831142953
0.014130626892240228
0.014222104341918998
0.014314173989230863
0.014406839667886084
0.014500105236413187
0.014593974578319686
0.014688451602253757
0.014783540242166972
0.014879244457478152
0.014975568233238212
0.015072515580296065
0.015170090535465688
0.015268297161694176
0.015367139548230933
0.015466621810797918
0.015566748091761066
0.015667522560302738
0.015768949412595344
0.01587103287197604
0.01597377718912262
0.016077186642230495
0.016181265537190806
0.016286018207769776
0.016391449015789133
0.0164975623513077
0.01660436263280426
0.016711854307361506
0.01682004185085117
0.016928929768120514
0.017038522593179763
0.01714882488939098
0.01725984124965812
0.01737157629661815
0.01748403468283366
0.017597221090986524
0.017711140234072872
0.01782579685559939
0.01794119572978081
0.018057341661738665
0.018174239487701447
0.018291894075205928
0.01841031032329984
0.018529493162745915
0.018649447556227154
0.018770178498553454
0.018891691016869678
0.019013990170864862
0.019137081052982986
0.01926096878863499
0.01938565853641216
0.01951115548830099
0.01963746486989934
0.019764591940633992
0.019892541993979728
0.02002132035767968
0.02015093239396718
0.020281383499789085
0.020412679107030457
0.020544824682740728
0.02067782572936144
0.02081168778495523
0.020946416423436504
0.021082017254803576
0.02121849592537213
0.021355858118010475
0.02149410955237608
0.02163325598515375
0.021773303210295376
0.02191425705926115
0.022056123401262374
0.022198908143505888
0.02234261723144002
0.022487256649002127
0.022632832418867817
0.022779350602701694
0.022926817301409726
0.023075238655393387
0.023224620844805217
0.02337497008980621
0.023526292650824884
0.02367859482881783
0.02383188296553218
0.023986163443769644
0.024141442687652243
0.02429772716288988
0.024455023377049533
0.02461333787982617
0.024772677263315578
0.024933048162288786
0.025094457254468315
0.0252569112608063
0.025420416945764305
0.02558498111759495
0.025750610628625527
0.025917312375543157
0.026085093299682106
0.02625396038731275
0.026423920669932464
0.026594981224558455
0.026767149174022436
0.026940431687267154
0.027114835979644987
0.02729036931321835
0.027467038997062022
0.027644852387567604
0.02782381688874976
0.028003939952554485
0.02818522907916953
0.028367691817336543
0.028551335764665453
0.028736168567950943
0.028922197923490645
0.029109431577405774
0.02929787732596363
0.029487543015902156
0.02967843654475678
0.02987056586118921
0.03006393896531836
0.030258563909053574
0.03045444879642984
0.030651601783945204
0.03085003108090048
0.031049744949741047
0.0312507517064008
0.03145305972064864
0.03165667741643672
0.0318616132722514
0.032067875821466224
0.03227547365269721
0.032484415410160526
0.03269470979403243
0.032906365560811474
0.03311939152368318
0.033333796552887034
0.03354958957608571
0.033766779578736986
0.03398537560446777
0.034205386755450665
0.03442682219278312
0.03464969113686867
0.03487400286780102
0.0350997667257505
0.0353269921113528
0.03555568848610056
0.03578586537273732
0.03601753235565394
0.036250699081287835
0.03648537525852453
0.03672157065910195
0.03695929511801736
0.03719855853393688
0.03743937086960754
0.037681742152272296
0.037925682474087466
0.03817120199254289
0.038418310930885095
0.03866701957854273
0.03891733829155513
0.039169277493003626
0.03942284767344535
0.039678059391350225
0.03993492327354055
0.040193450015633424
0.04045365038248625
0.04071553520864488
0.040979115398794716
0.04124440192821489
0.041511405843235205
0.041780138261696034
0.042050610373411436
0.04232283344063487
0.04259681879852826
0.042872577855634086
0.04315012209435017
0.043429463071408055
0.04371061241835406
0.043993581842033634
0.044278383125078875
0.04456502812639912
0.04485352878167467
0.045143897103853935
0.04543614518365353
0.0457302851900617
0.04602632937084514
0.046324290053058916
0.04662417964355969
0.04692601062952254
0.04722979557896065
0.047535547141248746
0.04784327804764998
0.048153001111845714
0.04846472923046936
0.048778475383643244
0.04909425263551907
0.049412074134822036
0.04973195311539822
0.050053902896765604
0.050377936884668816
0.050704068571637236
0.05103231153754686
0.051362679450185675
0.0516951860658229
0.05202984522978174
0.052366670877015783
0.05270567703268942
0.05304687781276178
0.05339028742457437
0.053735920167442885
0.054083790433252475
0.05443391270705706
0.05478630156768241
0.055140971688333304
0.05549793783720448
0.055857214878095446
0.056218817771029606
0.056582761572877026
0.056949061437981494
0.05731773261879138
0.057688790466494944
0.058062250431659426
0.05843812806487434
0.05881643901739916
0.059197199041814856
0.05958042399267999
0.05996612982719064
0.060354332605845135
0.060745048493112616
0.06113829375810611
0.06153408477526008
0.061932438025012165
0.062333370094489436
0.06273689767819898
0.06314303757872322
0.06355180670741947
0.06396322208512402
0.06437730084286102
0.0647940602225558
0.06521351757775261
0.06563569037433747
0.06606059619126532
0.06648825272129195
0.06691867777171073
0.06735188926509417
0.06778790524004016
0.06822674385192301
0.06866842337364953
0.0691129621964199
0.06956037883049337
0.07001069190595904
0.07046392017351172
0.07092008250523259
0.07137919789537492
0.07184128546115523
0.07230636444354914
0.07277445420809259
0.07324557424568813
0.07371974417341667
0.07419698373535426
0.07467731280339403
0.07516075137807395
0.07564731958940946
0.07613703769773161
0.07662992609453088
0.0771260053033061
0.07762529598041915
0.07812781891595486
0.07863359503458701
0.07914264539644944
0.07965499119801286
0.08017065377296773
0.08068965459311239
0.0812120152692472
0.08173775755207428
0.0822669033331034
0.08279947464556339
0.08333549366531952
0.08387498271179707
0.08441796424891058
0.0849644608859993
0.0855144953787684
0.08606809063023686
0.08662526969169093
0.08718605576364384
0.08775047219680217
0.08831854249303793
0.08889029030636715
0.08946573944393495
0.09004491386700678
0.0906278376919662
0.09121453519131884
0.09180503079470347
0.09239934908990895
0.09299751482389808
0.09359955290383815
0.094205488398138
0.09481534653749187
0.09542915271592982
0.09604693249187543
0.09666871158920984
0.09729451589834276
0.09792437147729083
0.09855830455276239
0.09919634152124976
0.09983850895012804
0.10048483357876177
0.10113534231961809
0.10179006225938725
0.10244902066011081
0.10311224496031657
0.10377976277616117
0.10445160190257985
0.10512779031444411
0.10580835616772637
0.10649332780067224
0.10718273373498081
0.10787660267699214
0.10857496351888235
0.10927784533986704
0.10998527740741187
0.11069728917845141
0.11141391030061541
0.1121351706134637
0.11286110014972847
0.11359172913656464
0.11432708799680891
0.1150672073502462
0.11581211801488486
0.11656185100823961
0.11731643754862348
0.11807590905644745
0.11884029715552873
0.11960963367440779
0.12038395064767353
0.12116328031729721
0.12194765513397479
0.12273710775847854
0.12353167106301675
0.12433137813260241
0.1251362622664311
0.1259463569792675
0.12676169600284065
0.12758231328724884
0.1284082430023731
0.12923951953930018
0.13007617751175413
0.1309182517575381
0.13176577733998487
0.13261878954941642
0.13347732390461392
0.13434141615429654
0.13521110227860988
0.13608641849062414
0.1369674012378423
0.13785408720371747
0.13874651330918034
0.13964471671417686
0.14054873481921523
0.14145860526692347
0.14237436594361644
0.14329605498087394
0.1442237107571282
0.14515737189926164
0.1460970772842159
0.1470428660406101
0.1479947775503705
0.14895285145036988
0.14991712763407855
0.1508876462532252
0.15186444771946853
0.15284757270608046
0.15383706214963955
0.15483295725173524
0.15583529948068395
0.15684413057325555
0.15785949253641132
0.15888142764905278
0.15990997846378263
0.16094518780867648
0.1619870987890657
0.16303575478933305
0.16409119947471865
0.16515347679313838
0.1662226309770136
0.16729870654511333
0.16838174830440777
0.1694718013519338
0.1705689110766733
0.1716731231614427
0.17278448358479542
0.17390303862293602
0.17502883485164764
0.17616191914823107
0.17730233869345643
0.17845014097352838
0.17960537378206293
0.18076808522207752
0.18193832370799431
0.18311613796765588
0.1843015770443544
0.1854946902988733
0.18669552741154327
0.18790413838431058
0.18912057354281886
0.19034488353850515
0.1915771193507087
0.1928173322887938
0.19406557399428595
0.19532189644302264
0.1965863519473175
0.19785899315813804
0.1991398730672987
0.20042904500966696
0.2017265626653844
0.20303248006210145
0.20434685157722765
0.20566973194019567
0.20700117623473985
0.20834123990119036
0.20968997873878148
0.21104744890797505
0.2124137069327987
0.2137888097032
0.2151728144774149
0.21656577888435188
0.21796776092599196
0.21937881897980363
0.22079901180117334
0.2222283985258526
0.22366703867242005
0.22511499214475988
0.2265723192345557
0.22803908062380188
0.22951533738732974
0.23100115099535057
0.23249658331601566
0.2340016966179921
0.23551655357305587
0.2370412172587008
0.23857575116076604
0.24012021917607898
0.24167468561511557
0.24323921520467892
0.244813873090594
0.24639872484042044
0.24799383644618228
0.24959927432711654
0.2512151053324385
0.2528413967441249
0.25447821627971623
0.256125632095136
0.25778371278752854
0.2594525273981158
0.2611321454150719
0.2628226367764167
0.2645240718729275
0.2662365215510707
0.2679600571159518
0.26969475033428353
0.2714406734373754
0.27319789912414055
0.2749665005641234
0.2767465514005456
0.2785381257533734
0.2803412982224036
0.28215614389036925
0.283982738326067
0.28582115758750315
0.28767147822506095
0.2895337772846873
0.2914081323111023
0.2932946213510269
0.29519332295643314
0.2971043161878152
0.2990276806174813
0.3009634963328666
0.3029118439398688
0.30487280456620375
0.30684645986478415
0.3088328920171188
0.3108321837367352
0.31284441827262377
0.3148696794127034
0.3169080514873113
0.318959619372714
0.32102446849464167
0.3231026848318446
0.3251943549196743
0.32729956585368625
0.32941840529326594
0.33155096146528007
0.3336973231677494
0.33585757977354685
0.33803182123411785
0.3402201380832272
0.3424226214407282
0.3446393630163563
0.34687045511354875
0.3491159906332876
0.35137606307796804
0.35365076655529154
0.35594019578218494
0.35824444608874423
0.3605636134222033
0.3628977943509304
0.36524708606844836
0.3676115863974813
0.36999139379402896
0.37238660735146556
0.37479732680466626
0.3772236525341595
0.3796656855703078
0.38212352759751383
0.38459728095845436
0.38708704865834237
0.3895929343692157
0.3921150424342541
0.3946534778721232
0.39720834638134866
0.3997797543447168
0.4023678088337036
0.4049726176129344
0.4075942891446703
0.4102329325933246
0.4128886578300081
0.41556157543710454
0.4182517967128752
0.4209594336760922
0.42368459907070427
0.42642740637053095
0.4291879697839865
0.43196640425883687
0.4347628254869854
0.43757734990929037
0.44041009472041254
0.4432611778736966
0.44613071808608196
0.4490188348430451
0.45192564840357663
0.4548512798051874
0.45779585086894936
0.4607594842045667
0.46374230321548304
0.4667444321040188
0.46976599587654244
0.472807120348677
0.4758679321505378
0.47894855873200604
0.4820491283680345
0.4851697701639903
0.4883106140610302
0.4914717908415103
0.4946534321344333
0.4978556704209284
0.5010786390397682
0.5043224721929203
0.5075873049511351
0.5108732732595724
0.5141805139434582
0.517509164713786
0.5208593641730478
0.524231251821006
0.5276249680605052
0.5310406542033137
0.5344784524760101
0.5379385060259071
0.5414209589270084
0.5449259561860097
0.5484536437483387
0.5520041685042277
0.5555776782948332
0.5591743219183922
0.5627942491364157
0.5664376106799256
0.5701045582557329
0.5737952445527514
0.5775098232483591
0.5812484490147937
0.5850112775255945
0.5887984654620867
0.5926101705199017
0.5964465514155454
0.6003077678930081
0.6041939807304136
0.6081053517467151
0.6120420438084349
0.6160042208364426
0.6199920478127826
0.6240056907875455
0.628045316885778
0.6321110943144469
0.6362031923694385
0.6403217814426099
0.6444670330288865
0.6486391197333983
0.652838215278669
0.6570644945118524
0.6613181334120082
0.6655993090974317
0.6699081998330313
0.6742449850377472
0.6786098452920236
0.683002962345331
0.6874245191237291
0.6918746997374867
0.6963536894887491
0.7008616748792493
0.7053988436180798
0.7099653846295035
0.7145614880608222
0.7191873452902968
0.7238431489351114
0.7285290928593962
0.7332453721823021
0.7379921832861207
0.7427697238244636
0.7475781927304953
0.7524177902252116
0.757288717825779
0.7621911783539284
0.7671253759443946
0.7720915160534227
0.777089805467318
0.7821204523110581
0.7871836660569618
0.7922796575334069
0.7974086389336107
0.8025708238244685
0.8077664271554414
0.8129956652675088
0.8182587559021793
0.8235559182105526
0.828887372762447
0.8342533415555858
0.8396540480248376
0.8450897170515204
0.8505605749727698
0.8560668495909567
0.8616087701831797
0.8671865675108064
0.8728004738290838
0.8784507228968134
0.8841375499860777
0.8898611918920409
0.8956218869428105
0.9014198750093566
0.9072553975155015
0.9131286974479766
0.9190400193665332
0.9249896094141297
0.930977715327183
0.9370045864458786
0.9430704737245558
0.9491756297421599
0.9553203087127531
0.961504766496107
0.9677292606083502
0.973994050232693
0.980299396230224
0.9866455611507648
0.9930328092438065
0.9994614064695149
1.0059316205097995
1.0124437207794623
1.0189979784374192
1.0255946663979847
1.032234059342239
1.0389164337294685
1.0456420678086695
1.0524112416301443
1.0592242370571532
1.066081337777655
1.0729828293161228
1.079928999045426
1.0869201361988006
1.0939565318818951
1.1010384790848853
1.1081662726946775
1.1153402095071918
1.1225605882397123
1.1298277095433291
1.1371418760154617
1.1445033922124506
1.1519125646622435
1.1593697018771612
1.1668751143667369
1.1744291146506534
1.1820320172717496
1.1896841388091206
1.1973857978913027
1.2051373152095355
1.2129390135311167
1.220791217712847
1.228694254714549
1.2366484536126856
1.2446541456140656
1.252711664069628
1.2608213444883263
1.2689835245511014
1.2771985441249358
1.2854667452770132
1.2937884722889545
1.3021640716711569
1.3105938921772256
1.3190782848184883
1.3276176028786162
1.3362122019283356
1.3448624398402285
1.353568676803636
1.362331275339662
1.371150600316259
1.3800270189634258
1.388960900888502
1.3979526180915507
1.4070025449808516
1.4161110583884968
1.4252785375860695
1.4345053643004506
1.4437919227297014
1.4531385995590669
1.462545783977081
1.4720138676917633
1.481543244946934
1.4911343125386336
1.500787469831638
1.5105031187760902
1.5202816639242434
1.5301235124472956
1.5400290741523504
1.5499987614994832
1.5600329896189096
1.570132176328272
1.5802967421500458
1.590527110329035
1.6008237068500113
1.6111869604554394
1.621617302663334
1.6321151677852332
1.6426809929442736
1.6533152180933957
1.6640182860336687
1.6747906424327186
1.68563273584329
1.6965450177219292
1.7075279424477716
1.7185819673414673
1.7297075526842285
1.7409051617369833
1.7521752607596792
1.7635183190306867
1.7749348088663426
1.7864252056406247
1.7979899878049341
1.809629636908023
1.8213446376160514
1.8331354777327575
1.8450026482197754
1.856946643217083
1.868967960063567
1.881067099317737
1.893244564778575
1.9055008635065003
1.9178365058444902
1.9302520054393353
1.9427478792630135
1.9553246476342332
1.9679828342400842
1.98072296615785
1.99354557387696
2.006451191321068
2.01944035587029
2.0325136083835855
2.045671493221267
2.0589145582676727
2.072243354953987
2.0856584382811874
2.099160366843163
2.1127497028499773
2.1264270121512663
2.140192864259815
2.154047832375258
2.1679924934079513
2.182027428003005
2.196153220564443
2.210370459279546
2.2246797361433517
2.239081646983288
2.253576791483992
2.2681657732122864
2.282849199642298
2.2976276821807593
2.3125018361924736
2.327472281025926
2.3425396400390768
2.3577045406253268
2.3729676142396254
2.38832949642478
2.403790826837907
2.419352249277069
2.4350144117080945
2.4507779662915397
2.4666435694098534
2.4826118816947162
2.498683568054532
2.5148592977021234
2.5311397441826036
2.547525585401408
2.5640175036525292
2.5806161856469343
2.5973223225411406
2.6141366099660175
2.6310597480557325
2.6480924414769107
2.665235399457988
2.682489335818724
2.6998549689999334
2.71733302209341
2.734924222872021
2.7526293038200143
2.7704490021635326
2.78838405990129
2.8064352238354786
2.824603245602874
2.8428888817061133
2.861292893545206
2.8798160474492454
2.8984591147082996
2.9172228716055484
2.9361080994495885
2.955115584606974
2.9742461185349702
2.9935004978144906
3.012879524183275
3.0323840045692827
3.0520147511242746
3.0717725812576377
3.0916583176704324
3.111672788389632
3.1318168268026056
3.1520912716918352
3.1724969672698173
3.1930347632142295
3.2137055147033173
3.2345100824514814
3.2554493327451426
3.276524137478791
3.297735374191301
3.3190839261024814
3.340570682149831
3.3621965370255635
3.3839623912138737
3.4058691510284107
3.427917728650027
3.4501090421647707
3.4724440156020946
3.494923578973342
3.517548668310481
3.540320225705056
3.563239199347445
3.5863065435663173
3.609523218868378
3.6328901919783774
3.6564084358793414
3.6800789298530967
3.703902659521059
3.72788061688525
3.7520138003696166
3.7763032148616142
3.800749871754028
3.825354788987097
3.8501189910909117
3.8750435092280537
3.900129381236541
3.9253776516730574
3.9507893718564167
3.976365599911374
4.002107400812654
4.028015846429308
4.0540920155693625
4.080336994024709
4.106751874616331
4.133337757239822
4.160095748911156
4.187026963812799
4.214132523340113
4.241413556148022
4.268871198198031
4.296506592805526
4.324320890687362
4.352315250009805
4.3804908364367305
4.4088488231781735
4.437390391039193
4.466116728469013
4.495029031610521
4.5241285043500925
4.553416358367686
4.582893813187314
4.612562096227838
4.642422442854047
4.672476096428111
4.70272430836137
4.733168338166412
4.763809453509533
4.794648930263534
4.8256880525608175
4.856928112846892
4.888370411934159
4.920016259056089
4.951866971921753
4.983923876770661
5.016188308428003
5.048661610360239
5.081345134731017
5.114240242457487
5.147348303266982
5.180670695754029
5.21420880743776
5.247964034819708
5.28193778344192
5.316131467945508
5.350546512129556
5.385184349010381
5.420046420881238
5.45513417937234
5.490449085511322
5.525992609784089
5.561766232196016
5.597771442333589
5.634009739426451
5.6704826324097874
5.7071916399871805
5.744138290693864
5.781324122960332
5.818750685176418
5.856419535755785
5.894332243200776
5.932490386167773
5.970895553532889
6.009549344458145
6.048453368458078
6.087609245466719
6.127018605905071
6.166683090749009
6.206604351597581
6.246784050741788
6.287223861233828
6.327925466956718
6.36889056269443
6.410120854202478
6.451618058278909
6.493383902835805
6.535420126971257
6.577728481041726
6.620310726734986
6.663168637143429
6.706303996837918
6.749718601942113
6.7934142602072205
6.8373927910872885
6.881656025814984
6.9262058074778095
6.971043991094861
7.016172443694095
7.061593044390028
7.1073076844620005
7.153318267432951
7.199626709148627
7.246234937857419
7.293144894290595
7.340358531743139
7.387877816155104
7.4357047261934275
7.483841253334345
7.532289401946336
7.5810511893735395
7.630128646019775
7.679523815433113
7.729238754390919
7.779275532985521
7.829636234710426
7.880322956547032
7.9313378090519695
7.982682916445002
8.034360416697423
8.08637246162115
8.138721216958254
8.191408862471182
8.244437592033526
8.297809613721341
8.351527149905102
8.405592437342273
8.46000772727039
8.514775285500825
8.569897392513164
8.625376343550109
8.681214448713071
8.737414033058402
8.793977436694126
8.850907014877473
8.908205138112871
8.965874192250682
9.023916578586583
9.082334713961487
9.141131030862212
9.200307977522804
9.259868018026404
9.319813632407898
9.380147316757201
9.440871583323137
9.50198896061808
9.563501993523264
9.625413243394693
9.687725288169823
9.750440722474938
9.813562157733113
9.877092222273035
9.941033561438378
10.005388837697971
10.07016073075671
10.135351937667062
10.200965172941403
10.267003168665086
10.333468674610131
10.400364458349763
10.467693305373677
10.535458019203963
10.603661421511875
10.672306352235353
10.741395669697214
10.810932250724203
10.880918990766812
10.951358804019765
11.022254623543462
11.09360940138602
11.165426108706233
11.237707735897322
11.310457292711385
11.383677808384755
11.457372331764168
11.531543931433644
11.606195695842302
11.68133073343299
11.75695217277165
11.833063162677622
11.909666872354796
11.986766491523493
12.064365230553376
12.142466320597045
12.221073013724613
12.300188583059162
12.379816322912951
12.459959548924637
12.54062159819736
12.621805829437637
12.703515623095237
12.785754381503997
12.8685255290234
12.951832512181207
13.035678799817012
13.120067883226596
13.205003276307345
13.290488515704604
13.37652716095885
13.463122794654009
13.550279022566551
13.637999473815654
13.726287801014376
13.815147680421655
13.904582812095427
13.994596920046742
14.085193752394737
14.176377081522753
14.268150704235453
14.360518441916833
14.45348414068939
14.547051671574307
14.641224930652543
14.736007839227174
14.83140434398658
14.927418417168816
15.024054056727065
15.121315286496015
15.219206156359459
15.317730742418966
15.416893147163528
15.516697499640415
15.617147955627166
15.71824869780453
15.820003935930682
15.922417907016555
16.02549487550218
16.129239133434293
16.233655000645108
16.33874682493207
16.444518982239032
16.550975876838347
16.658121941514313
16.76596163774779
16.87449945590189
16.983739915408982
17.09368756495894
17.204346982688453
17.315722776371686
17.42781958361221
17.540642072036004
17.654194939485855
17.76848291421704
17.883510755094086
17.999283251788984
18.11580522498069
18.233081526555708
18.35111703981029
18.46991667965362
18.589485392812538
18.709828158037567
18.830949986310124
18.952855921051203
19.07555103833147
19.199040447082485
19.323329289309505
19.44842274030565
19.574326008867278
19.70104433751094
19.828583002691726
19.956947315022838
20.086142619496876
20.21617429570827
20.347047758077323
20.478768456075752
20.61134187445344
20.744773533466923
20.879068989109268
21.014233833341322
21.150273694324625
21.287194236655797
21.425001161602303
21.563700207339913
21.703297149191688
21.843797799868337
21.985208009710327
22.127533666931534
22.270780697864282
22.414955067206293
22.56006277826888
22.706109873227007
22.85310243337093
23.00104657935929
23.149948471474044
23.299814309877046
23.45065033486806
23.60246282714469
23.75525810806397
23.90904253990543
24.063822526136093
24.219604511677193
24.37639498317235
24.534200469257875
24.69302754083444
24.852882811340766
25.013772937029064
25.17570461724206
25.338684594692026
25.5027196557416
25.66781663068623
25.83398239403865
26.001223864815213
26.16954800682383
26.338961828954034
26.509472385468868
26.681086776298507
26.853812147335926
27.027655690734576
27.20262464520763
27.378726296329646
27.555967976839725
27.734357066946917
27.913900994637633
28.09460723598476
28.276483315459036
28.45953680624246
28.643775330543463
28.82920655991436
29.015838215570902
29.203678068713586
29.392733940851333
29.58301370412726
29.77452528164627
29.967276647805193
30.16127582862462
30.35653090208321
30.553049998454128
30.750841300643387
30.949913044530703
31.150273519312496
31.35193106784687
31.5548940870011
31.759171028001358
31.96477039678443
32.17170075435199
32.37997071712718
32.589588957313175
32.8005642032544
33.0129052398001
33.22662090866982
33.44172010882192
33.65821179682385
33.87610498722518
34.0954087529331
34.316132225589975
34.53828459595367
34.76187511428041
34.98691309070966
35.21340789565198
35.441368960179254
35.6708057764172
35.901727897940695
36.13414494017175
36.3680665807796
36.60350256008382
36.840462681460025
37.07895681174778
37.31899488166178
37.56058688620508
37.80374288508539
38.04847300313408
38.29478743072751
38.54269642421152
38.79221030632855
39.043339466647296
39.29609436199539
39.55048551689496
39.80652352400063
40.06421904454069
40.323582808761174
40.584625616372314
40.84735833699863
41.11179191063122
41.377937348083385
41.64580573144927
41.91540821456507
42.18675602347355
42.459860456891676
42.734732886680774
43.011384758320204
43.28982759138407
43.570072980020605
43.852132593435115
44.13601817637595
44.42174154962333
44.70931461048167
44.9987493332751
45.29005776984578
45.58325205005603
45.87834438229317
46.17534705397796
46.47427243207636
46.775132963614254
47.077941176195836
47.3827096785254
47.68945116093208
47.9981783958984
48.308904238592255
48.62164162740191
48.93640358447488
49.253203216260324
49.57205371405441
49.892968354550035
50.215960500389265
50.54104360071992
50.86823119175577
51.19753689733964
51.52897442951133
51.86255758907829
52.19830026618996
52.53621644091675
52.87632018383178
53.21862565659693
53.56314711255212
53.90989889730949
54.25889544935033
54.610151300626036
54.963681077163834
55.319499499675466
55.67762138416984
56.03806164257059
56.40083528333669
56.76595741208704
57.133443232230135
57.5033080455968
57.87556725307699
58.250236355261734
58.627330953088276
59.00686674848929
59.38885954504742
59.77332524865299
60.16027986816592
60.54973951608307
60.94172040920878
61.33623886932976
61.73331132389545
62.13295430670168
62.53518445857877
62.94001852808514
63.3474733722044
63.75756595704682
64.17031335855658
64.58573276322231
65.0038414687929
65.42465688499735
65.8481965342704
66.27447805248178
66.70351918967022
67.13533781078323
67.56995189642065
68.00737954358297
68.44763896642563
68.89074849701707
69.33672658610163
69.78559180386868
70.23736284072544
70.69205850807477
71.14969773909938
71.61029958954975
72.07388323853716
72.5404679893331
73.01007327017271
73.48271863506325
73.95842376459923
74.43720846678143
74.91909267784123
75.40409646307168
75.89224001766256
76.38354366754074
76.87802787021757
77.37571321564018
77.8766204270484
78.3807703618386
78.8881840124315
79.39888250714664
79.91288711108153
80.43021922699799
80.95090039621294
81.47495229949486
82.00239675796752
82.53325573401808
83.0675513322112
83.6053058002103
84.14654152970357
84.69128105733574
85.23954706564757
85.7913623840198
86.34674998962323
86.9057330083765
87.46833471590853
88.03457853852716
88.60448805419568
89.17808699351407
89.75539924070654
90.33644883461719
90.9212599697104
91.50985699707769
92.10226442545286
92.69850692223189
93.29860931449954
93.90259659006426
94.5104938984981
95.1223265521833
95.73812002736753
96.35789996522381
96.98169217291866
97.6095226246859
98.24141746290934
98.87740299921073
99.51750571554487
100.16175226530332
100.81016947442379
101.46278434250641
102.11962404393933
102.78071592902947
103.44608752514091
104.11576653784222
104.78978085205956
105.4681585332371
106.15092782850695
106.8381171678647
107.52975516535255
108.22587062025215
108.92649251828304
109.63165003280896
110.341372526054
111.05568955032446
111.77463084923873
112.49822635896722
113.2265062094781
113.95950072579129
114.69724042924247
115.43975603875333
116.18707847210997
116.93923884725169
117.69626848356575
118.45819890319204
119.22506183233457
119.99688920258409
120.77371315224686
121.5555660276822
122.34248038465084
123.13448898966973
123.93162482137572
124.7339210719002
125.54141114825053
126.35412867370027
127.17210748919075
127.99538165473939
128.82398545085726
129.65795337997795
130.49732016789343
131.34212076519938
132.19239034875187
133.04816432313143
133.90947832211648
134.77636821016864
135.64887008392532
136.52702027370194
137.41085534500633
138.30041210006053
139.1957275793322
140.0968390630789
141.00378407289926
141.91660037329476
142.83532597324378
143.7599991277835
144.69065833960178
145.6273423606424
146.57009019371716
147.51894109413084
148.47393457131432
149.43511039047164
150.40250857423487
151.37616940432972
152.35613342325468
153.34244143596817
154.3351345115868
155.33425398509735
156.33984145907684
157.35193880542403
158.37058816710476
159.39583195990582
160.42771287420015
161.46627387672635
162.51155821237683
163.56360940599754
164.62247126420218
165.68818787719545
166.7608036206077
167.840363157345
168.92691143944757
170.0204937099608
171.12115550482088
172.22894265475017
173.3439012871643
174.46607782809505
175.59551900412242
176.73227184431926
177.87638368221164
179.0279021577483
180.18687521928518
181.35335112558045
182.52737844780603
183.70900607156912
184.8982831989467
186.09525935053625
187.29998436751683
188.51250841372328
189.73288197773715
190.9611558749881
192.19738124986836
193.44160957786488
194.69389266770156
195.9542826634952
197.22283204692926
198.49959363943788
199.78462060440418
201.0779664493763
202.37968502829426
203.6898305437311
205.00845754915235
206.33562095118643
207.67137601190944
209.01577835114898
210.36888394879875
211.7307491471483
213.10143065323146
214.48098554118656
215.8694712546314
217.26694560905804
218.6734667942381
220.08909337664699
221.51388430190048
222.94789889721204
224.39119687386176
225.84383832968126
227.305883751559
228.7773940179574
230.25843040144642
231.74905457125774
233.24932859585124
234.75931494549786
236.27907649488395
237.8086765257277
239.34817872941278
240.89764720964328
242.45714648511145
244.0267414921828
245.60649758760292
247.19648055121738
248.79675658870934
250.40739233435917
252.02845485381775
253.66001164689726
255.3021306503851
256.954880240871
258.6183292375928
260.29254690530496
261.9776029571614
263.67356755761637
265.3805113253495
267.0985053362041
268.8276211261476
270.56793069424845
272.31950650567705
274.08242149472164
275.8567490678235
277.6425631066371
279.4399379711044
281.24894850254987
283.0696700267998
284.9021783573176
286.74654979835844
288.6028611481502
290.47118970208953
292.3516132559585
294.24421010916774
296.1490590680146
298.0662394489632
299.9958310819504
301.9379143137083
303.8925700111077
305.85987956452936
307.8399248912509
309.83278843885597
311.8385531886712
313.8573026592194
315.88912090969546
317.9340925434702
319.99230271161133
322.0638371164273
324.1487820150394
326.24722422297117
328.35925111776464
330.4849506426156
332.6244113100401
334.7777222055575
336.94497299139823
339.1262539102412
341.3216557889694
343.5312700424498
345.755188677344
347.9935042959371
350.24631009999166
352.5136998946326
354.79576809225125
357.09260971643425
359.40432040592475
361.73099641860244
364.0727346354896
366.4296325647893
368.8017883459437
371.1893007537181
373.5922692023182
376.0107937495277
378.4449751008719
380.89491461381607
383.36071430198325
385.8424768394
388.34030556477575
390.8543044858043
393.3845782834914
395.93123231651884
398.49437262562816
401.07410593803775
403.6705396718836
406.283781940697
408.913941557904
411.56112804135364
414.2254516178832
416.90702322790554
419.6059545300261
422.32235790569723
425.056346463895
427.8080340458269
430.5775352296766
433.36496533537286
436.17044042938835
438.9940773295781
441.83599361004104
444.69630760601274
447.57513841879853
450.47260592072996
453.3888307601533
456.32393436645907
459.2780389551352
462.2512675328532
465.243743902596
468.2555926688099
471.2869392425902
474.3379098469091
477.40863152186836
480.4992321299865
483.6098403615288
486.74058573986264
489.89159862684795
493.0630102282714
496.25495259930557
499.4675586500098
502.7009621508602
505.9552977383262
509.2307009204732
512.5273080826024
515.8452564929355
519.1846843083276
522.5457305800172
525.9285352594214
529.3332392039616
532.7599841829241
536.2089128833709
539.680168916077
543.1738968215075
546.6902420758425
550.2293510970312
553.7913712508857
557.3764508572233
560.9847391960398
564.6163865137211
568.2715440293072
571.9503639407845
575.6529994314204
579.3796046761485
583.1303348479843
586.905346124484
590.7047956942538
594.528841763492
598.3776435625728
602.2513613526837
606.1501564324944
610.0741911448748
614.0236288836502
617.9986341004125
621.9993723113638
626.0260101042052
630.0787151450801
634.1576561855526
638.2630030696298
642.3949267408423
646.5535992493576
650.7391937591408
654.9518845551727
659.1918470507027
663.4592577945491
667.7542944784587
672.0771359445012
676.4279621925123
680.806954387597
685.214294867669
689.6501671510385
694.1147559440633
698.6082471488342
703.1308278709124
707.682686427129
712.2640123534219
716.8749964127232
721.5158306029119
726.1867081648038
730.8878235901933
735.6193726299608
740.3815523022182
745.1745609005151
749.9985980020895
754.8538644761874
759.740562492422
764.6588955291877
769.6090683821418
774.5912871727271
779.6057593567505
784.6526937330303
789.732300452086
794.8447910248836
799.990378331653
805.1692766307468
810.3817015675571
815.6278701835048
820.908000925072
826.2223136528926
831.571029650918
836.9543716356255
842.372563765287
847.8258316493132
853.3144023576425
858.8385044301912
864.3983678863793
869.9942242347045
875.6263064823753
881.2948491450245
887.0000882564693
892.7422613785336
898.5216076109507
904.3383676013125
910.1927835550929
916.0850992457264
922.015560024769
927.9844128321096
933.9919062062459
940.0382902946455
946.123816864156
952.2487393114819
958.4133126737486
964.6177936391149
970.8624405574564
977.1475134511344
983.4732740258171
989.8399856813708
996.2479135228396
1002.6973243714789
1009.1884867758583
1015.721671023057
1022.2971491499117
1028.915194954338
1035.5760840067435
1042.2800936614963
1049.027503068467
1055.8185931846658
1062.653646785934
1069.5329484787128
1076.456784711907
1083.4254437888055
1090.4392158790804
1097.4983930308817
1104.6032691829892
1111.754140177057
1118.951303769923
1126.1950596460201
1133.4857094298486
1140.823556698529
1148.208906994456
1155.6420678380139
1163.1233487403754
1170.6530612164029
1178.2315187976128
1185.8590370452237
1193.5359335633095
1201.262528012019
1209.0391421208772
1216.8660997021966
1224.743726664555
1232.672351026356
1240.6523029295047
1248.6839146531456
1256.7675206274914
1264.9034574477637
1273.0920638882005
1281.3336809161553
1289.6286517063104
1297.9773216549577
1306.3800383943737
1314.83715180731
1323.3490140415545
1331.9159795245866
1340.538404978351
1349.216649434101
1357.9510742473537
1366.7420431129249
1375.58992208009
1384.495079567819
1393.4578863801062
1402.4787157214294
1411.5579432122804
1420.6959469047965
1429.8931072985208
1439.1498073562361
1448.466432519903
1457.8433707267268
1467.281012425302
1476.7797505918618
1486.3399807466592
1495.962100970426
1505.6465119209415
1515.3936168497319
1525.2038216188537
1535.077534717783
1545.0151672804445
1555.0171331023205
1565.0838486576718
1575.2157331168992
1585.413208363986
1595.6766990140582
1606.006632431081
1616.403438745647
1626.8675508728759
1637.3994045304592
1647.9994382567954
1658.6680934292388
1669.4058142824988
1680.2130479271239
1691.090244368126
1702.0378565237045
1713.0563402441257
1724.1461543306948
1735.3077605548483
1746.5416236774035
1757.8482114679
1769.2279947240672
1780.681447291448
1792.2090460831205
1803.8112710995438
1815.4886054485676
1827.241535365537
1839.0705502335281
1850.9761426037485
1862.9588082160335
1875.01904601948
1887.157358193242
1899.3742501674321
1911.6702306441543
1924.0458116187092
1936.501508400902
1949.0378396364872
1961.6553273287893
1974.3544968604253
1987.1358770151705
2000.0000000000005
