0.6209116540065159
0.5604436259241473
0.48753274437778293
0.4110282173173149
0.34145185419023427
0.31508351558338893
0.3089645209654852
0.3262871967209795
0.37478350764426605
0.43050366648881416
0.3612780393810964
0.40575632305552406
0.612085795613535
0.7408982490208134
0.7266106676388301
1.064839522243375
1.251978288149185
0.7988251553576493
0.6843493625153495
0.4415613297571625
""
""
""
""
""
""
""
""
""
""
0.5260117296482857
0.7273495646652787
0.8646218150656523
0.8332437517773525
0.8125079166574846
0.6444003549062172
0.5767086415272181
0.30229927813771873
0.5833015410943448
0.8761605116185358
