0.2093134698143981
0.24749509231767514
0.23938848260368428
0.14004276802702276
0.17628993782581107
0.21406076073140917
0.14868193137217
0.14313420082485478
0.18392658168376677
0.21726707132932613
0.23134941314727037
0.2023577061742049
0.18171659081181868
0.17934375201014144
0.16278116424913336
0.16639739949250287
0.17486060993262947
0.1806036060315179
0.2204234894884736
0.20587019420185304
0.13698431056380603
0.09923617718555594
0.12966806288198918
0.1767958104037643
0.14949184471227062
0.11132226573320496
0.16708279912386176
0.19507196284355796
0.2071624959243339
0.20089086175241228
0.1777724329252803
0.16492584099054908
0.22202560115036754
0.32899222661363403
0.5539310751248402
0.7495271877285851
0.6846755368864216
""
""
""
